083725641 
140583762 
135702846 
126753048 
162573048 
157263804 
105746832 
087654132 
104632785 
105437268 
084135672 
128037645 
140786325 
143257608 
105438762 
126807345 
154382760 
137486052 
124653078 
160728543 
150842673 
108534276 
107432856 
158237406 
168207534 
168275340 
143687250 
128607354 
120864753 
084732615 
127850634 
147583206 
086327145 
123467508 
157843206 
150837462 
135086427 
134705268 
165028473 
152734680 
102758436 
143068572 
128407653 
152376048 
143625807 
140836257 
127364508 
104738625 
108254637 
137420568 
153042768 
126538074 
146732805 
086527134 
165034872 
104375286 
163028457 
148320567 
132465780 
157026843 
135478260 
104853672 
152084736 
130478256 
123647850 
157683204 
085347612 
147023856 
132458706 
102658734 
165032784 
163748520 
138704265 
126543780 
125367480 
167430285 
152480763 
158032647 
136578240 
158230467 
145307862 
158076243 
102834657 
104357268 
152308674 
157683024 
150247683 
086452173 
158470326 
140236587 
084372651 
153062478 
148037265 
132745068 
107236854 
148506273 
-1
//////////////////////////origin random numbers
83725641
140583762
106578423
156480723
142576830
135702846
126753048
162573048
157263804
152783406
105746832
158734620
150324687
137240685
124703586
84513762
87654132
127456308
104632785
105437268
167583240
134076258
103467528
84135672
84251736
128037645
138027564
140786325
143257608
143578620
105438762
147025368
134506872
126807345
86347251
143586702
154382760
156308274
137486052
124653078
160728543
150842673
165302748
163857240
138425670
104385627
134807562
108534276
160253874
107432856
154283760
158237406
168207534
168275340
143687250
128607354
120864753
124508673
158042376
84732615
127850634
102356874
147583206
86327145
84251367
163582704
123547806
123467508
142657803
148265703
157843206
150837462
135840627
107325684
152704836
135086427
134705268
165028473
152734680
102758436
143068572
128407653
152376048
143625807
140836257
127364508
104738625
108254637
132406875
156320847
137420568
167824350
153042768
126538074
105627843
146732805
136247508
86527134
148603572
136780542
104635782
165034872
104375286
163028457
148320567
124678035
132465780
87132546
165783420
147836025
104782653
160745832
157238406
142386705
106534278
105847362
157026843
135478260
104853672
136750248
152084736
130478256
123647850
140736258
147823650
153248760
150726483
135478602
103568742
127540836
157683204
85347612
137408562
147023856
132458706
102658734
165032784
163748520
138704265
126543780
135280476
127836540
158324670
125367480
134657820
123450876
167430285
124537608
152480763
140685237
106745328
153482706
158032647
128746503
136578240
162405738
85146237
168047532
140837256
86157432
138025746
106587432
158230467
145307862
146738205
106823574
158076243
103574682
102834657
152684307
125078364
164587203
123806547
126083745
104357268
152308674
157683024
150247683
143086257
152803746
120534687
104563278
83741652
86452173
156408237
158470326
107456238
103268547
140236587
84372651
103246758
134607285
153062478
148037265
138527640
87216453
132745068
107236854
148506273
124056837
-1